learning_rate: 5.143185478260582e-05
weight_decay: 1.6843435169253152e-05
